0.5 9.02036523819 9.38093185425
0.54 8.78510189056 9.09745979309
0.58 8.52238893509 8.76136255264
0.62 8.42115783691 8.50600290298
0.66 8.33608055115 8.35598087311
0.7 8.06101226807 8.13554906845
0.74 7.80368852615 7.89540576935
0.78 7.52265310287 7.66244363785
0.82 7.38314437866 7.43510913849
0.86 7.29744958878 7.23050928116
0.9 7.13369607925 7.03252220154
0.94 7.09990596771 6.92064118385
0.98 6.93285560608 6.82427239418
1.02 6.92532348633 6.73091816902
1.06 6.81610870361 6.64638209343
1.1 6.78472304344 6.58637166023
1.14 6.76640319824 6.49014496803
1.18 6.75338459015 6.4097161293
1.22 6.71094369888 6.33237981796
1.26 6.69305181503 6.27639842033
1.3 6.68314695358 6.23789906502
1.34 6.56811094284 6.18682098389
1.38 6.55481219292 6.10608434677
1.42 6.58729314804 6.09407949448
1.46 6.52598071098 6.04024481773
1.5 6.46079468727 6.00573921204
1.54 6.41740870476 5.95879888535
1.58 6.3671476841 5.89868593216
1.62 6.28670287132 5.88203501701
1.66 6.26010775566 5.84585666656
1.7 6.21974444389 5.805082798
1.74 6.15535354614 5.75481271744
1.78 6.18855524063 5.62794423103
1.82 6.10478568077 5.51074910164
1.86 6.07188844681 5.47611880302
1.9 5.97290349007 5.3887963295
1.94 5.95195221901 5.3900783062
1.98 5.9157333374 5.38122177124
2.02 5.83337044716 5.33695292473
2.06 5.82881641388 5.15985488892
2.1 5.75370645523 5.08475375175
2.14 5.67004776001 5.28619909286
2.18 5.67928576469 5.10193729401
2.22 5.46720600128 4.87789011002
2.26 5.57335448265 5.13918089867
2.3 5.42997550964 5.10278511047
2.34 5.42488265038 4.9623748064
2.38 5.40983295441 5.06652474403
2.42 5.12781310081 5.15959692001
2.46 5.43408703804 4.74411463737
2.5 5.27887678146 5.10086989403
2.54 4.99639809132 5.40165686607
2.58 5.34353137016 4.48443090916
2.62 4.98351442814 4.88159668446
2.66 5.09502005577 4.58347797394
2.7 5.09653162956 5.0115685463
2.74 5.01965427399 4.71184742451
2.78 4.67227232456 4.49516201019
2.82 4.9744707346 4.49230456352
2.86 4.86260473728 4.48944711685
